# The built-in die font: what a face is printed with when its die has no
# artwork (docs/physics-and-rendering.md).
#
# GENERATED by tools/generate-font.py from real Archivo outlines - do not
# edit. Archivo is by Omnibus-Type under the SIL Open Font License 1.1,
# which permits embedding outlines in a work like this; the font itself is
# not redistributed here, only these glyphs, as paths
# (docs/assets/README.md).
#
# Em units, baseline at zero, up positive. Curves are already flattened: a
# die's numbers become a signed distance field once per die, so a cubic on
# the phone would buy arithmetic nobody can see.
#
#   font <family> <weight>
#   glyph <code point, hex> <advance>
#   contour
#   <x> <y> <x> <y> ...            (folded over as many lines as it takes)

font archivo 700

glyph 0030 0.595
contour
0.298 -0.012 0.23957 -0.00739 0.18887 0.00646 0.14589 0.03068 0.11061 0.06644 0.08314 0.11454
0.06361 0.1758 0.05193 0.25158 0.04804 0.34322 0.05193 0.43485 0.06361 0.51063 0.08314 0.5719
0.11061 0.62 0.14589 0.65576 0.18887 0.67998 0.23957 0.69382 0.298 0.69843 0.35647 0.69382 0.40685
0.67998 0.44943 0.65576 0.4845 0.62 0.51189 0.5719 0.53139 0.51063 0.54307 0.43485 0.54696 0.34322
0.54307 0.25158 0.53139 0.1758 0.51189 0.11454 0.4845 0.06644 0.44943 0.03068 0.40685 0.00646
0.35647 -0.00739
contour
0.298 0.09561 0.33703 0.10158 0.36535 0.11948 0.38472 0.14933 0.39691 0.19113 0.40337 0.2449 0.40552
0.31065 0.40552 0.37287 0.40337 0.44013 0.39691 0.49485 0.38472 0.53713 0.36535 0.56706 0.33703
0.58489 0.298 0.59083 0.25936 0.58489 0.23065 0.56706 0.21067 0.53733 0.1982 0.49563 0.19166 0.44169
0.18948 0.37522 0.18948 0.313 0.19166 0.24647 0.1982 0.19191 0.21067 0.14952 0.23065 0.11948 0.25936
0.10158

glyph 0031 0.596
contour
0.09952 0 0.09952 0.11174 0.26409 0.11174 0.26409 0.51743 0.09874 0.51743 0.09874 0.60135 0.13484
0.60672 0.17576 0.61683 0.21925 0.63081 0.26304 0.64783 0.30478 0.66679 0.34209 0.68665 0.40361
0.68665 0.40361 0.11174 0.5567 0.11174 0.5567 0

glyph 0032 0.596
contour
0.05057 0 0.05057 0.03626 0.05467 0.0788 0.067 0.11772 0.08627 0.15334 0.1112 0.18598 0.14058
0.21638 0.17322 0.24528 0.20769 0.27286 0.24257 0.2993 0.28288 0.32991 0.3207 0.36017 0.35382
0.39129 0.38004 0.42448 0.39713 0.46068 0.40283 0.50087 0.40038 0.5213 0.39304 0.54146 0.3803
0.55978 0.36163 0.57472 0.33629 0.58465 0.30352 0.58796 0.2701 0.58486 0.2428 0.57556 0.22156 0.5606
0.20628 0.5405 0.19707 0.51537 0.194 0.48535 0.194 0.44891 0.05983 0.44891 0.05888 0.45508 0.05804
0.46315 0.05746 0.47312 0.05726 0.485 0.06558 0.55174 0.09054 0.60526 0.12992 0.64623 0.1815 0.6753
0.24285 0.69265 0.31157 0.69843 0.3726 0.69373 0.42274 0.67963 0.46293 0.65797 0.49411 0.63059
0.51698 0.59899 0.53224 0.5647 0.54083 0.52973 0.5437 0.49613 0.53954 0.45072 0.52709 0.40961
0.50727 0.3719 0.48104 0.3367 0.44907 0.30343 0.412 0.27157 0.37094 0.24024 0.32696 0.20861 0.30443
0.19291 0.28326 0.1778 0.26429 0.1633 0.24835 0.14939 0.23565 0.13595 0.22644 0.12283 0.54857
0.12283 0.54857 0

glyph 0033 0.596
contour
0.29978 -0.012 0.22282 -0.00554 0.15904 0.01383 0.10888 0.04474 0.07272 0.08583 0.05085 0.13552
0.04357 0.19226 0.04357 0.20857 0.17887 0.20857 0.17887 0.19035 0.18632 0.15057 0.20867 0.1208
0.24486 0.10223 0.29383 0.09604 0.3419 0.10235 0.37796 0.12126 0.40049 0.15311 0.408 0.19822 0.40406
0.23278 0.39224 0.25828 0.374 0.27621 0.35081 0.28804 0.32401 0.29463 0.29496 0.29683 0.23448
0.29683 0.23448 0.40183 0.29383 0.40183 0.32033 0.40441 0.3442 0.41217 0.36446 0.4253 0.38015 0.444
0.39021 0.46826 0.39357 0.49809 0.39048 0.52655 0.38122 0.54961 0.3664 0.56742 0.34663 0.58017
0.3227 0.58784 0.29539 0.59039 0.26728 0.58782 0.24235 0.58011 0.22164 0.56737 0.20622 0.54974
0.19663 0.52729 0.19344 0.50013 0.19344 0.48543 0.06009 0.48543 0.06009 0.51043 0.0675 0.56299
0.08974 0.60885 0.1254 0.64661 0.17307 0.67489 0.23102 0.69255 0.29752 0.69843 0.3646 0.69284
0.42246 0.67607 0.46975 0.64876 0.50513 0.61159 0.52721 0.5653 0.53457 0.51065 0.53105 0.47417
0.5205 0.44213 0.50384 0.41463 0.48198 0.39176 0.45594 0.37282 0.42674 0.35709 0.42674 0.35309
0.4758 0.33013 0.51524 0.29411 0.54121 0.24547 0.54987 0.18465 0.54187 0.12883 0.51872 0.08074
0.48169 0.04151 0.43204 0.01226 0.371 -0.00593

glyph 0034 0.597
contour
0.33844 0 0.33844 0.15039 0.02926 0.15039 0.02926 0.26104 0.0667 0.32486 0.10207 0.39215 0.13508
0.46314 0.16548 0.53807 0.1924 0.6166 0.215 0.69843 0.35778 0.69843 0.34461 0.64871 0.32718 0.59683
0.30634 0.54419 0.28296 0.49217 0.25803 0.44203 0.23257 0.39498 0.20751 0.3521 0.18383 0.31446
0.16265 0.28348 0.14513 0.26061 0.33844 0.26061 0.33844 0.42709 0.34844 0.44679 0.35872 0.46835
0.36906 0.49116 0.37926 0.51463 0.38888 0.53819 0.39748 0.56124 0.40499 0.5834 0.41135 0.60426
0.47522 0.60426 0.47522 0.26061 0.56261 0.26061 0.56261 0.15039 0.47522 0.15039 0.47522 0

glyph 0035 0.595
contour
0.29917 -0.012 0.22628 -0.00511 0.16376 0.01554 0.11302 0.04893 0.07546 0.09402 0.05222 0.14972
0.04448 0.21496 0.18135 0.21496 0.18474 0.18164 0.19491 0.15248 0.21148 0.12852 0.23404 0.11083
0.26197 0.0999 0.29461 0.09626 0.32644 0.09993 0.3535 0.11094 0.3755 0.12916 0.39213 0.15448 0.4026
0.18651 0.40609 0.22487 0.4027 0.26104 0.39252 0.29078 0.37618 0.31405 0.35428 0.3308 0.32767
0.34093 0.29717 0.3443 0.27276 0.3422 0.25144 0.33587 0.23315 0.32647 0.21785 0.31515 0.20502
0.30243 0.19413 0.28883 0.069 0.30535 0.09722 0.68643 0.50904 0.68643 0.50904 0.56261 0.21257
0.56261 0.20222 0.40774 0.21491 0.41597 0.23107 0.425 0.25107 0.43388 0.2753 0.44163 0.30383 0.44703
0.3367 0.44883 0.39396 0.44261 0.44481 0.42396 0.48741 0.39286 0.51998 0.34933 0.54064 0.29317
0.54752 0.22422 0.53997 0.15629 0.51733 0.09817 0.48079 0.05114 0.43157 0.01648 0.37069 -0.00488

glyph 0036 0.596
contour
0.31083 -0.012 0.25183 -0.00756 0.19978 0.00576 0.15489 0.02887 0.11735 0.06267 0.08761 0.10814
0.06615 0.16622 0.05316 0.23783 0.04883 0.32387 0.05306 0.42092 0.06576 0.50113 0.08664 0.5658
0.11539 0.61624 0.15196 0.65359 0.19626 0.679 0.24801 0.69358 0.30691 0.69843 0.37684 0.69142
0.43359 0.67037 0.47741 0.63713 0.50857 0.59354 0.52719 0.54091 0.53339 0.48052 0.39765 0.48052
0.39517 0.51319 0.38772 0.5405 0.37502 0.56218 0.35678 0.57798 0.333 0.58761 0.30365 0.59083 0.26228
0.58466 0.23226 0.56617 0.2119 0.53595 0.19952 0.49459 0.19303 0.44266 0.19035 0.38074 0.2025
0.39197 0.22041 0.40487 0.24369 0.41782 0.27191 0.4292 0.3041 0.43714 0.33926 0.43978 0.40463
0.43271 0.45846 0.41148 0.50058 0.37772 0.53081 0.33304 0.54902 0.27898 0.55509 0.21704 0.54726
0.1511 0.52378 0.09476 0.48657 0.0492 0.43754 0.01561 0.3784 -0.0051
contour
0.30613 0.09561 0.33964 0.09953 0.36678 0.1113 0.38772 0.12992 0.40263 0.15437 0.41155 0.18343
0.41452 0.21587 0.41155 0.24958 0.40263 0.27887 0.38775 0.30307 0.36689 0.32148 0.33983 0.33312
0.30635 0.337 0.2729 0.33315 0.24552 0.32159 0.22429 0.30328 0.20928 0.2792 0.20037 0.24979 0.19739
0.21552 0.20034 0.18305 0.20917 0.15391 0.2241 0.12945 0.24531 0.11102 0.27269 0.09946

glyph 0037 0.596
contour
0.14939 0 0.15427 0.08038 0.16891 0.15917 0.19201 0.23571 0.22224 0.30933 0.25815 0.37944 0.29828
0.4455 0.34132 0.50668 0.38596 0.56217 0.04578 0.56217 0.04578 0.68643 0.55535 0.68643 0.55535
0.60404 0.5202 0.56004 0.48448 0.51263 0.44924 0.46218 0.41552 0.40907 0.38434 0.35369 0.35672
0.29648 0.33359 0.2375 0.31591 0.17683 0.3047 0.11504 0.30096 0.05274 0.30096 0

glyph 0038 0.596
contour
0.29757 -0.012 0.21845 -0.00547 0.15441 0.01413 0.10522 0.04508 0.07063 0.08565 0.05017 0.13399
0.04335 0.18822 0.05016 0.24141 0.07061 0.28639 0.10507 0.32307 0.15391 0.35135 0.11275 0.38223
0.08457 0.41837 0.06829 0.45936 0.06287 0.50483 0.06969 0.55755 0.09015 0.60409 0.12378 0.64303
0.17011 0.67298 0.22831 0.69207 0.29757 0.69843 0.36675 0.69207 0.42474 0.67298 0.47098 0.64303
0.50491 0.60409 0.52575 0.55755 0.5327 0.50483 0.52715 0.45904 0.5105 0.41793 0.482 0.38191 0.44087
0.35135 0.49037 0.32307 0.52478 0.28639 0.54494 0.24141 0.55165 0.18822 0.54478 0.13399 0.52415
0.08565 0.48947 0.04508 0.44044 0.01413 0.37661 -0.00547
contour
0.29757 0.09483 0.34504 0.10154 0.38044 0.1217 0.40245 0.1538 0.40978 0.19639 0.40236 0.2396 0.38011
0.27159 0.34464 0.29136 0.29757 0.29796 0.25062 0.29136 0.21507 0.27159 0.19268 0.2396 0.18522
0.19639 0.1926 0.1538 0.21474 0.1217 0.25021 0.10154
contour
0.29757 0.40304 0.33886 0.40898 0.37111 0.4268 0.3919 0.45619 0.39883 0.49683 0.39198 0.53723
0.37144 0.56706 0.33927 0.58547 0.29757 0.59161 0.25559 0.58547 0.22374 0.56706 0.20365 0.53723
0.19696 0.49683 0.20373 0.45619 0.22407 0.4268 0.256 0.40898

glyph 0039 0.595
contour
0.28887 -0.012 0.21908 -0.00498 0.1623 0.01607 0.1184 0.0494 0.08722 0.09328 0.0686 0.14602 0.06239
0.20591 0.19813 0.20591 0.20061 0.17338 0.20807 0.14604 0.22079 0.12428 0.23911 0.10846 0.26292
0.09882 0.29213 0.09561 0.33354 0.1018 0.36324 0.12037 0.38322 0.15074 0.39548 0.19235 0.40197
0.24429 0.40465 0.3057 0.39323 0.29509 0.37548 0.28207 0.35224 0.26874 0.32437 0.25724 0.29251
0.2493 0.2573 0.24665 0.19194 0.25373 0.13811 0.27496 0.09589 0.30884 0.06537 0.35389 0.04686
0.40808 0.0407 0.46939 0.04852 0.53582 0.072 0.59207 0.10921 0.63733 0.15824 0.67083 0.21719 0.69153
0.28417 0.69843 0.34327 0.69399 0.39561 0.68067 0.44079 0.65757 0.47844 0.62376 0.50817 0.5783
0.52963 0.52022 0.54263 0.44861 0.54696 0.36257 0.54272 0.266 0.53002 0.1857 0.50915 0.12073 0.48039
0.0702 0.44383 0.03284 0.39952 0.00743 0.34777 -0.00714
contour
0.28922 0.34944 0.32283 0.35326 0.35026 0.36474 0.3715 0.38306 0.3865 0.40741 0.39542 0.43686
0.39839 0.47048 0.39542 0.5036 0.3865 0.5327 0.37152 0.55689 0.35037 0.5753 0.32302 0.58695 0.28944
0.59083 0.25609 0.58687 0.229 0.57502 0.20806 0.55642 0.19315 0.53224 0.18423 0.50322 0.18126
0.47013 0.18421 0.43659 0.19304 0.40735 0.20787 0.38318 0.22878 0.36485 0.25587 0.35329

glyph 002b 0.641
contour
0.26791 0 0.26791 0.20426 0.07852 0.20426 0.07852 0.30965 0.26791 0.30965 0.26791 0.5147 0.37252
0.5147 0.37252 0.30965 0.5627 0.30965 0.5627 0.20426 0.37252 0.20426 0.37252 0

glyph 002d 0.333
contour
0.04 0.21009 0.04 0.33209 0.293 0.33209 0.293 0.21009

glyph 2212 0.641
contour
0.07852 0.20504 0.07852 0.31044 0.5627 0.31044 0.5627 0.20504

glyph 00d7 0.641
contour
0.16983 0.03096 0.09539 0.10617 0.24639 0.25696 0.09539 0.40774 0.16904 0.48217 0.32061 0.33117
0.47217 0.48296 0.54661 0.40774 0.39404 0.25617 0.54583 0.10617 0.47139 0.03174 0.32061 0.18274

glyph 0025 0.973
contour
0.19687 0 0.68083 0.68622 0.78043 0.68622 0.29535 0
contour
0.2483 0.33809 0.19892 0.34254 0.15728 0.35589 0.12411 0.37905 0.10013 0.41291 0.08559 0.45871
0.08074 0.51765 0.08559 0.57737 0.10013 0.6235 0.12411 0.65745 0.15728 0.68063 0.19892 0.69398
0.2483 0.69843 0.29808 0.69398 0.33933 0.68063 0.37188 0.65745 0.39559 0.6235 0.41005 0.57737
0.41487 0.51765 0.41005 0.45861 0.39559 0.41252 0.37188 0.37846 0.33933 0.3555 0.29808 0.34244
contour
0.2483 0.41252 0.281 0.41916 0.30056 0.43909 0.31031 0.47002 0.31356 0.5097 0.31356 0.52683 0.31219
0.55397 0.30806 0.57759 0.3004 0.59704 0.28839 0.61172 0.27128 0.62093 0.2483 0.624 0.21621 0.61729
0.19643 0.59715 0.18623 0.56615 0.18283 0.52683 0.18283 0.5097 0.18623 0.47002 0.19643 0.43909
0.21621 0.41916
contour
0.72709 -0.012 0.6778 -0.00755 0.63646 0.0058 0.60358 0.02896 0.5797 0.06283 0.56515 0.10862 0.5603
0.16757 0.56515 0.22729 0.5797 0.27341 0.60358 0.30736 0.63646 0.33054 0.6778 0.3439 0.72709 0.34835
0.77696 0.3439 0.8185 0.33054 0.85125 0.30736 0.87476 0.27341 0.88893 0.22729 0.89365 0.16757
0.88893 0.10852 0.87476 0.06243 0.85125 0.02838 0.8185 0.00541 0.77696 -0.00765
contour
0.72709 0.06243 0.75978 0.06917 0.77935 0.08939 0.7891 0.12062 0.79235 0.16039 0.79235 0.17674
0.79097 0.20389 0.78685 0.2275 0.77928 0.24696 0.76757 0.26163 0.75056 0.27084 0.72709 0.27391
0.69509 0.2672 0.67561 0.24707 0.6657 0.21606 0.66239 0.17674 0.66239 0.16039 0.6657 0.12062 0.67561
0.08939 0.69509 0.06917

glyph 002e 0.307
contour
0.08056 0 0.08056 0.14344 0.22604 0.14344 0.22604 0
